215037042
218129000
215965791
218212625
213444959
221614084
216690417
214624417
217648416
215283250
215884375
217657375
217047083
217536458
216615375
215954584
217115000
215900833
215186042
212412750
221051458
215162458
217678792
208540250
215984542
217033959
212264750
222812125
217813584
215624125
216105042
217581625
208399458
215461292
217537833
220317833
218496334
211083167
218011042
211142875
199971166
217676250
215337667
214468250
216186792
213425709
216847458
216561375
216161416
217367958
