215999791
215226500
215815042
215795375
218637042
214537292
210735542
216075000
214078209
218995291
215756083
216750250
221003542
223257208
215053500
214728834
218560917
215947209
214686625
215420208
215690459
219698042
213682000
211085459
212728833
215933667
215354500
208392416
217433209
217649917
215066791
211260417
207115000
217431708
212441375
217990458
219294917
214526875
217973333
212633250
217537125
214202792
216675958
217112291
215491917
215872667
213537125
217604125
219883500
219554417
