196197583
195694833
192265334
194093083
195045625
193609709
196440709
192559625
194547916
194611250
193009542
194133458
193385125
193869334
194738292
192341542
192789459
194869292
193696500
192157000
205402542
193747667
192748292
193889625
200010375
197165541
212125375
195995666
198785083
194866458
193843959
198771042
194533958
195070916
199884041
195662000
195243834
193379333
193180125
196572666
194852959
193774625
193439167
196097917
195606417
193260375
194817084
197579167
193176542
195168416
