183269416
185748417
184536208
186670042
186410916
187056292
185256625
186492000
186240791
185949291
186682500
186279375
187743750
186753167
184355166
184625459
186516708
185622709
185112792
184397250
190954583
184981541
184845333
208925250
189637750
184616500
184437417
186616250
184151166
187463583
186723458
186722167
190364292
185315209
171602417
186194292
185920084
188723875
184213833
185624209
186429292
184767208
185528584
183677500
187755167
187765166
184650791
183266333
184971792
184310042
184000041
185430167
184519541
185465333
183935792
185790000
183706542
183678125
183721166
184930334
185122792
186680083
185601542
184906417
186044042
183967416
184568209
185127375
187034625
185499542
185596458
186642875
186794708
185686542
185945292
186168542
184363084
185098000
185549333
