5458375
3136250
5563625
3066042
3012792
3192375
3249709
5381125
2872375
3505958
2881708
3335667
2753917
5226166
3190875
3318958
3506417
3076167
3164125
2959417
3261458
3146541
3336584
5493458
3571917
3200833
4880291
5574666
3470209
3240083
5253792
3207583
5156792
3718584
3676416
5124167
5142500
5858792
3318250
5613750
5247667
3092583
2737375
3354667
5356875
4989792
3191708
3091958
3296667
5342041
3328583
2925875
3158417
5506750
3285125
2785917
3179833
2872292
3253958
3221166
5178833
3421875
3002833
3066333
5167584
3441958
3103125
3392625
3665542
3093833
3163084
3094833
3570250
3451417
3854500
2981750
3298166
2882625
5327792
