213400334
215703625
215174708
213437000
215198583
213605125
212915625
215599167
212464041
214123000
215737250
212963334
217209500
216945917
214491625
214432334
217079875
214647875
216343542
214263750
217328375
216301583
222646625
210308458
215296958
213900209
217311000
215613500
216937958
208531208
215451000
214120083
209347792
214943333
213034542
215641666
215187834
218365750
216846458
213512167
215719541
213623667
214252833
216448667
208623250
217301709
216431917
217970917
217218291
214744750
