219051167
218221583
223146792
219756667
217139167
219795667
219357625
220336333
221143083
216669791
214697208
215263334
217805000
217191584
222283750
218232667
221070416
221557666
221732250
214706375
221642709
210031542
217636417
215376417
215514791
209733750
210196250
210977000
222004541
214480708
203294458
215367833
217319541
223187167
217647917
220583917
220934041
222643125
218477250
219875417
216551375
219349667
218232167
217480125
222714458
220488459
221329708
217148125
221169375
224578500
