212857250
212105042
209347833
212507792
210755583
212841000
212676250
213512542
214244417
210592666
213527250
213084375
213919875
213253417
213612250
212845584
212012458
211205083
213814042
209811542
212229458
213339416
212221042
212453834
210298542
208190666
210493417
210727875
213467833
211574000
211994584
211010875
207213584
218328875
213879417
214394500
214885125
210211875
212955125
212532750
213646000
210433125
213725833
212944334
210095667
212733667
209948500
215145292
215142041
212913625
