764821083
763804250
765349166
768100375
768830834
763452042
764403375
765377167
765113167
765013834
766239417
763955000
766322291
785533000
771436000
762876125
765111708
764390209
764975584
766178833
762537875
766397000
768133750
791812209
763989917
786855209
786162292
780058500
764143250
764190833
766948375
769842208
788385375
767231666
768155000
766105833
766891833
762885166
769265375
764955667
786023083
768594083
762812791
764832667
765233834
793408375
762875834
769964541
766227375
769213125
