216644334
221525250
220075375
217171250
217743125
219670833
218503083
218539375
214532750
219018292
216642000
215340250
214156916
218109750
213901625
219707542
216435708
215684875
216320000
216880667
217967917
215924958
218356292
207937375
215602292
212218250
217811667
208095792
216049625
215700459
213706209
215063042
214209416
216470208
219169250
216042958
217247292
214606750
219077792
211716250
211459625
210547333
216582417
220881250
216173208
215400167
215608125
217062583
220972250
218535792
