886900417
890968916
881140584
885429750
885383417
884656583
882485208
885334000
887284291
882764375
881492416
885719167
887641709
890249250
883410541
887835084
882607084
885097625
881990500
884724833
881960541
884636834
882135000
890894375
885236666
921032458
886420667
890725500
888615375
887313375
909358833
888449667
886508708
884113791
882974458
884814375
885716625
881695625
882454667
881451500
881561750
905042375
885936459
882692083
882815791
904155250
883717583
883675250
886996584
883683208
