488005083
480702083
468836083
466735291
468117958
466592000
466684625
468527125
469869458
466752167
466609625
468851542
466486250
467453750
467086084
468591666
468628834
467689125
466355417
466664459
468240333
468409292
467241083
475656500
467901334
466931292
484652292
467201917
468317083
468270958
468204833
476428166
476104708
482943334
482060250
474576333
469528334
466657750
467116583
488372750
468856708
468900667
466694291
466758500
468659625
467811708
467502334
467027083
468724792
468664667
