292462667
289067583
289847042
288346000
288309000
288873125
289313875
289649250
290773542
289611375
289250375
290520250
290413959
289417417
291049084
289516666
288290958
289693458
289296834
288548291
289750875
288210458
290317292
289042459
294117083
289263334
295171042
291242625
292012916
295686583
290914750
292986458
291323791
289453625
298039500
291196292
289412750
288963708
291984250
288770250
288647042
291644708
288606375
290459334
290438458
289101667
289301292
290245458
288403209
290228458
