2828583
4699916
4894541
4415209
4417042
2763166
4621625
4625083
2879583
5131667
3303916
2956584
4716084
2782625
2826708
2811042
2801416
2714708
4664833
3323833
2542625
4534792
3002250
2946167
4738542
4644458
2858875
4965750
4808250
4780750
3013500
4623833
4554500
2940958
4288541
2989375
2856500
3065083
2712125
4456167
2506959
3011666
4796750
4677333
2917333
2823208
4669125
4808500
4185083
2794166
2734416
2999584
2948291
4791709
2821709
2994667
3121250
2936291
2781209
2776833
4279750
2993000
2543875
2682875
4295875
4291583
3046125
2788458
2746625
4605916
4488375
2933166
4232333
3107375
2739541
2814000
2919333
2949375
2776750
