217244125
216623416
216323125
213595166
214415500
215939417
217276042
214166041
215223125
216909083
216309500
217557625
215259833
214067458
213469667
217961916
217868333
217403375
214555291
216589875
213932375
215753500
216080625
211276583
213382625
208762292
214276083
215104084
214198208
214382458
216563000
215448125
213405083
214398708
216025625
213013000
212495334
220370583
213184250
214017958
217367750
214054042
214949625
213955125
214606917
216933583
216327500
216236333
214913042
214895250
