214214542
215920750
210568708
216303542
215945209
215182083
213845583
215823542
214891084
215088083
215426458
218618208
215909959
216153959
214352000
212629083
213914584
212833875
217246417
214942959
215615083
212548083
215398584
208804667
211970917
214416334
213142042
215085958
214932834
210519167
215785250
214938000
216167125
206571917
215835208
215612292
216009167
214176625
214610959
212481500
215327250
215568125
216719000
216456708
214771417
213675250
213691834
215164000
214308542
213859917
