359768208
348167125
347725917
349842875
348390583
347702292
347811000
350423209
349084500
347985083
348604250
351084750
348370875
347846625
351188917
348534708
347812708
348368541
349824208
348967375
348327459
349194791
349235209
357447375
348402750
352437875
354097000
349057708
356107000
359301583
351393708
352386958
356113292
350285500
360149625
348519167
353826292
348046000
350109625
347725667
347690458
349787250
359168292
350523750
349274500
348328041
350045584
351020333
349730959
347796083
