589721541
603314916
589825084
585901959
588692750
585948959
586512917
584905250
585322917
586332500
587359583
586173250
587541417
590095583
585300166
587514750
586506500
588156042
586472417
585141458
585350292
591010208
587807500
607654375
594580250
584850958
586926333
601714666
585084125
601926250
587701959
599610625
599733916
586939416
600349417
600898916
585004042
585237375
585754417
585508500
586246125
597669916
585709333
589522292
603307375
587256250
585462833
586185000
587153708
587657291
584790000
587170375
585749209
587411334
585387583
587387375
585540125
586769250
585387375
587575167
584725416
584955083
584772750
585383458
590899084
587231583
585625875
584915000
587126458
585729750
585175292
585125875
585317458
584971917
584870875
586768334
585353500
585529834
591635042
