3044958
2690750
3219875
3117250
2152458
3071541
3300917
3203083
3319750
2269667
3129750
3015125
2954625
3043167
2241042
3128542
2142125
3012000
3052042
3320875
3029542
2450500
3304416
3285291
3083542
3144292
3259167
3201959
2313750
2207417
3001917
3283959
3068416
3066958
3027250
3359833
3434375
1999459
2742458
3072334
2229917
2991750
3090250
1902125
3369541
2991000
3185958
3198792
2407459
3025000
2143208
3215417
3099000
3043583
2278625
3008084
2171500
3006041
2993625
2675917
3195958
3320708
3184750
3266459
3004291
2216166
3017541
3024875
3156209
2395250
2199292
3050750
2151500
3269292
3136750
2297875
2346042
2969708
3116167
