709622500
706008000
703571458
704616542
726641875
703663125
706417917
703646375
704952417
704739541
705304708
705641250
706127459
722187875
712651959
703835250
708004583
705633375
726466958
715395583
703915708
707009250
706119666
717625584
707508542
729171417
716696917
726790125
705864083
706822166
724123209
706021833
706954667
710100875
732045500
706024875
706461083
705798709
703338083
705906167
726236666
708324291
703446625
707751959
708293167
703784125
703543791
707491500
705246958
709514416
