150124125
155120250
149510666
149673292
150768708
153864084
151031125
153411375
155903667
151183750
150234959
149883500
153599542
152934792
154200000
154313750
150360583
154740375
154740000
157799583
155609334
151194959
154843875
156047334
158580167
154136584
152604500
151148000
161440375
152790625
151778083
151972083
153869125
154202542
160113667
151602000
151297791
149798958
152537084
151017500
150343334
150060417
160559583
155124625
153564750
150973459
153012959
151066917
154913375
155190375
150780458
151652667
150533250
153989500
153376167
152079083
151295666
154829709
144300375
154024750
150982042
156119042
151821375
154933333
151852458
150543708
156219334
146390500
155547959
154523625
153489875
151846000
151769542
154021375
150023333
154107417
155186167
154383833
152991667
152829041
