413365875
410985750
409057917
410427750
409822958
407374458
407694417
410525792
407456417
407558541
411644375
409441958
408413833
410448000
409488500
410259667
408471708
413152792
409354417
407616750
407482917
408367875
409051708
408821083
408523125
409710083
413965833
407497000
410104875
408934083
411410291
413019333
418795500
425324958
421068916
409374250
423044833
408259375
408783167
420855208
407889208
407800292
420193708
407357125
409383500
408660375
407784500
409150583
410540084
409315375
