837929000
826674083
822701000
826562792
826849208
821852083
824055291
825771333
826689208
824429625
827164542
826283333
826855458
825832459
822724042
822753917
825384250
824434000
822787500
824718000
826719667
848726083
827829083
846658000
823005958
822488375
832331000
846284958
823702250
825864333
822042917
824687458
824688250
825581209
824714959
823381125
826305583
828467041
834414084
823661792
825032375
844168791
824959666
829733333
828537333
859156209
822262458
822549334
826521750
821988958
