206812500
203547417
202498750
205487292
204959416
203730750
204603375
206019875
204570958
208852166
204273209
205802041
205846125
206269291
206475833
206384834
204856959
208103375
206633209
205774166
207325167
206651625
206339625
201698291
206139000
206152917
206665125
202079208
204984833
208588875
206408625
203293708
206864625
205931292
211812834
206375542
206435041
205075667
205243708
204585250
205861167
203851125
207358417
205382708
205436166
204713959
205669584
205553084
205809375
205903834
