214216875
211317875
215155667
214542792
214574583
216119750
216900458
218683458
214430208
216137167
214283291
216623500
215772625
213979584
210157792
213718958
216046750
217057458
222121750
213467500
211721167
215217500
214396167
214874834
215646500
213092959
219275333
214021208
217310917
214473875
216360083
215919250
210762500
222161166
219754292
216482125
214442459
216175125
216458084
217674875
214849083
211476000
215908416
216888458
215811833
215735000
219876250
217524875
213010167
216982500
