174387041
174195875
174246375
173714625
175055875
174045750
173836375
174127250
176774792
176025750
174060833
174954667
173797959
174587125
175368375
173758125
174424959
174918167
174762708
173925250
178518000
174045667
174699167
184757791
185514792
175946000
175969542
179377583
178786875
174230208
173925375
178978084
179116250
174583292
179904542
173686416
173968542
179552791
174199500
177882334
174141125
173794958
177627916
177124750
175812500
178091792
173755167
177209833
176967125
174741667
173741792
173813250
173696625
174219667
173777750
173748208
173848833
173699291
173688083
173675584
173878666
173675750
173795041
173749000
174247667
173865958
173683333
173745959
173698042
173749208
173790042
173617834
173982542
173797166
174156334
173783334
175234833
173783625
173659959
