218391125
214256208
220018291
217335208
218079208
222859041
212247750
215151334
219784000
217979125
209541125
218305916
218313333
205040875
220479125
219456000
215949708
220370542
216054166
220470291
218208208
216281416
222089417
212760750
219056667
211052500
223729167
210595792
217937791
219033000
233054917
215828167
213832916
219772458
218542125
215001750
218466500
218638125
217738875
218168167
215750250
225143667
216966459
220208042
217524541
217041917
220185417
218360333
215412083
218315417
