3454209
5846875
3681917
3261459
3433458
3289667
3653292
3711875
3329084
3393875
3012291
5895542
2966292
3248125
3307833
5876042
4525834
3521167
4849125
3245917
3470250
5832041
3342708
3110291
5645541
3405375
3358000
3260917
5947167
3443500
5986958
5870792
5554917
3262750
3402375
3699917
3694334
3619000
3073125
5880250
3430542
3239708
3025500
3548542
4437000
5350708
3147167
5864250
3928667
3197833
3330292
3129500
4860125
3272792
5697500
3612125
3197209
6108792
3357000
3322000
5230917
3093583
3109334
3310583
3250459
5322292
3630000
3218583
3543167
5195125
5395625
3644459
3644084
3475417
3651667
6000625
3038250
3403042
3054875
