528350750
543012459
528369583
525972958
532281750
525967833
526220125
525709375
529312292
530850333
525811708
527268584
525529167
527984375
529311167
529262500
528023708
528496375
526776250
533614166
525659709
527518875
530457834
528041083
528622083
526037166
525969375
528120458
527380375
526128166
526779500
526358750
529801917
543162333
543116125
531324334
527140542
525806750
525571542
529939791
526992500
526184917
526219083
530717708
543183208
530642083
526697625
526330125
526298125
529632458
