229730667
227519791
229403292
227177250
226439167
226311500
228761625
227369709
228000083
227302750
228734166
226793000
227514791
227295250
227784750
227391167
226418875
227593917
227127542
229199959
234138500
228458791
227984417
232011709
236968375
226622166
231089000
229987125
230625750
226947875
226718042
233558583
229090208
228305666
234159750
227793250
228151833
227342875
227475917
226568000
226368125
230936792
227793458
227534209
227641334
226385666
226938250
227103625
226797500
227677458
