650851042
653471000
647146083
646203958
668677125
645088875
644658625
647641834
648584583
646588500
644614083
649167916
646576875
646655042
644114709
647687500
644662500
649975875
651794916
644485125
644277042
673640625
645310250
651181541
647266666
648312542
646982750
666356709
644277333
648355166
648280292
645064583
652613208
648170334
670350416
645991209
650173750
648089709
644359792
647409250
652550708
648679291
644666375
644549000
663577625
648912125
646415334
646968125
647559625
646023458
